8 0.25830291440695496 0.7804028993480583 0.09838219586460689 0.17029915775344298
6 0.45554416430908795 0.39805778557275073 0.07425979016871327 0.16705587002527594
10 0.34914913094852734 0.10814632110080337 0.071577406669697 0.19337226148143555
7 0.16482757126391492 0.27463367876870737 0.09103330349988863 0.23486722727756076
11 0.1897664922506663 0.062217633116019404 0.07184067680902494 0.12443526623203881
9 0.27430939075541044 0.1360309466752987 0.059275809016485596 0.11611340792863027
9 0.2599206777828283 0.30982139509039447 0.06408350132417791 0.11628129624349434
9 0.2682959967813842 0.41181696831399184 0.06777321471237922 0.1188110586334887
9 0.37121878527554497 0.5333752578592763 0.07175673265159278 0.1297542825619446
1 0.79326545217982 0.24787458929252462 0.10035488356426087 0.2267895423688276
5 0.5827113942470804 0.05255643414575836 0.060813508723137163 0.10511286829151673
5 0.3610501045592309 0.31110343278593916 0.06989852352105526 0.1452953384045125
2 0.3596421506275381 0.4086270903315726 0.07636983177154705 0.1587263526442465
2 0.261343949869763 0.6262629409508921 0.0743857064048614 0.1706616392560452
0 0.5206502117788935 0.19481830700363426 0.0681662306266658 0.16444216347784965
3 0.4224397337679612 0.13928184253168693 0.058031913860846544 0.11486951277299119
3 0.7083639017112842 0.2977715789600797 0.05790599762469849 0.11126374354222196
3 0.6350122810178813 0.5061125543879007 0.06334327111313123 0.12946047801093222
3 0.5736073846033088 0.6430364033326676 0.06557922895211322 0.12473672986067186